# Created by Octave 6.4.0, Sat Aug 17 19:29:02 2024 CEST <jamilaila@jamilaila-HP-EliteBook-840-G2>
# name: delta_tau
# type: matrix
# rows: 2433
# columns: 1
 0.041038751602172852
 0.038839817047119141
 0.04052281379699707
 0.039506196975708008
 0.036574125289916992
 0.039605379104614258
 0.040281534194946289
 0.03915858268737793
 0.038896322250366211
 0.039799690246582031
 0.035302877426147461
 0.04067230224609375
 0.040328741073608398
 0.038891792297363281
 0.041007518768310547
 0.040315628051757812
 0.07380986213684082
 0.04068756103515625
 0.080282688140869141
 0.040681123733520508
 0.042328357696533203
 0.034137964248657227
 0.037584304809570312
 0.040415048599243164
 0.040156841278076172
 0.080124855041503906
 0.035185575485229492
 0.078548192977905273
 0.040678024291992188
 0.040021419525146484
 0.034894227981567383
 0.040251731872558594
 0.039102077484130859
 0.040697097778320312
 0.040263891220092773
 0.079945802688598633
 0.074886322021484375
 0.040240287780761719
 0.039598464965820312
 0.039770126342773438
 0.040393352508544922
 0.035348176956176758
 0.039809703826904297
 0.040945768356323242
 0.039736032485961914
 0.039009332656860352
 0.079126596450805664
 0.075615406036376953
 0.039743185043334961
 0.040242433547973633
 0.039810419082641602
 0.079189300537109375
 0.035681009292602539
 0.080878019332885742
 0.040041208267211914
 0.042533397674560547
 0.036212444305419922
 0.034848690032958984
 0.040108203887939453
 0.041645288467407227
 0.079967498779296875
 0.07510828971862793
 0.039296865463256836
 0.040261983871459961
 0.040347814559936523
 0.040666103363037109
 0.03901362419128418
 0.040142059326171875
 0.035079002380371094
 0.040362358093261719
 0.041243553161621094
 0.077332973480224609
 0.035682439804077148
 0.039566516876220703
 0.039483308792114258
 0.042058706283569336
 0.039782524108886719
 0.038709878921508789
 0.040823459625244141
 0.073805809020996094
 0.041005611419677734
 0.079789876937866211
 0.039472341537475586
 0.035596132278442383
 0.040496349334716797
 0.039125442504882812
 0.040533304214477539
 0.040903091430664062
 0.038108110427856445
 0.041266918182373047
 0.074301004409790039
 0.080775737762451172
 0.039745569229125977
 0.039699554443359375
 0.035682916641235352
 0.038461446762084961
 0.040831327438354492
 0.040988445281982422
 0.03802800178527832
 0.080935239791870117
 0.074891328811645508
 0.040477275848388672
 0.035247087478637695
 0.045278549194335938
 0.034772396087646484
 0.03946375846862793
 0.041013240814208984
 0.038649082183837891
 0.079019546508789062
 0.039943456649780273
 0.075280427932739258
 0.040024042129516602
 0.039910554885864258
 0.040624141693115234
 0.035773038864135742
 0.039884090423583984
 0.039786338806152344
 0.039664745330810547
 0.079784870147705078
 0.040543317794799805
 0.0749053955078125
 0.03902435302734375
 0.044884204864501953
 0.034733295440673828
 0.040725231170654297
 0.034667015075683594
 0.079303264617919922
 0.079998016357421875
 0.040253639221191406
 0.039664506912231445
 0.041735410690307617
 0.039417028427124023
 0.036811590194702148
 0.040157556533813477
 0.078379392623901367
 0.040080547332763672
 0.073932886123657227
 0.039537668228149414
 0.040270090103149414
 0.040062904357910156
 0.042268037796020508
 0.039288759231567383
 0.034999847412109375
 0.039450407028198242
 0.039571285247802734
 0.081691503524780273
 0.038846254348754883
 0.075594186782836914
 0.039505481719970703
 0.039573431015014648
 0.039271116256713867
 0.040338516235351562
 0.04003143310546875
 0.077440261840820312
 0.077887773513793945
 0.035832881927490234
 0.039827585220336914
 0.039706230163574219
 0.039853096008300781
 0.040766239166259766
 0.038894891738891602
 0.039519071578979492
 0.039868831634521484
 0.0762939453125
 0.080038309097290039
 0.040129899978637695
 0.033563137054443359
 0.039941549301147461
 0.040485858917236328
 0.040629148483276367
 0.038610219955444336
 0.040025949478149414
 0.075481414794921875
 0.040012121200561523
 0.079471588134765625
 0.040149688720703125
 0.041075944900512695
 0.035100460052490234
 0.039838314056396484
 0.04129481315612793
 0.03900456428527832
 0.080030441284179688
 0.040524721145629883
 0.073403835296630859
 0.040053129196166992
 0.040825366973876953
 0.04014277458190918
 0.040763378143310547
 0.033677816390991211
 0.04073023796081543
 0.040487289428710938
 0.03877711296081543
 0.075158119201660156
 0.04584193229675293
 0.075592756271362305
 0.044276952743530273
 0.029917478561401367
 0.044851303100585938
 0.034447908401489258
 0.040723800659179688
 0.040447473526000977
 0.038608074188232422
 0.04176020622253418
 0.039206504821777344
 0.039722442626953125
 0.075714111328125
 0.039238691329956055
 0.041045665740966797
 0.039214611053466797
 0.039752721786499023
 0.036131620407104492
 0.038437604904174805
 0.080186367034912109
 0.039584159851074219
 0.081395626068115234
 0.035015583038330078
 0.038102626800537109
 0.040053367614746094
 0.039963960647583008
 0.04162287712097168
 0.039319038391113281
 0.076328754425048828
 0.03963017463684082
 0.079477787017822266
 0.036055803298950195
 0.045852184295654297
 0.032830238342285156
 0.038810968399047852
 0.04001307487487793
 0.035248279571533203
 0.045506477355957031
 0.036185979843139648
 0.079154491424560547
 0.041175127029418945
 0.040383100509643555
 0.03936004638671875
 0.039323091506958008
 0.039938449859619141
 0.034717559814453125
 0.040715456008911133
 0.079156160354614258
 0.040106534957885742
 0.035552263259887695
 0.040250778198242188
 0.040073633193969727
 0.038640499114990234
 0.041230678558349609
 0.039623022079467773
 0.040221929550170898
 0.035176753997802734
 0.039328813552856445
 0.039989233016967773
 0.040943384170532227
 0.079919099807739258
 0.0337982177734375
 0.039913177490234375
 0.04126429557800293
 0.039337635040283203
 0.039312362670898438
 0.035941600799560547
 0.044109344482421875
 0.040740728378295898
 0.074300765991210938
 0.041766643524169922
 0.038590669631958008
 0.0353546142578125
 0.039661884307861328
 0.040414810180664062
 0.040209054946899414
 0.079776763916015625
 0.040493965148925781
 0.073612213134765625
 0.039863824844360352
 0.041636228561401367
 0.03995203971862793
 0.038977384567260742
 0.035747289657592773
 0.039246559143066406
 0.039767980575561523
 0.040920257568359375
 0.041297435760498047
 0.038850784301757812
 0.039099454879760742
 0.074683666229248047
 0.041655540466308594
 0.040214776992797852
 0.041104316711425781
 0.038339138031005859
 0.075127840042114258
 0.038541078567504883
 0.081476926803588867
 0.034678220748901367
 0.044420719146728516
 0.035674333572387695
 0.039850950241088867
 0.039941549301147461
 0.040266036987304688
 0.039541959762573242
 0.03439640998840332
 0.079813003540039062
 0.03974604606628418
 0.040364742279052734
 0.039889097213745117
 0.041257143020629883
 0.038638114929199219
 0.035124540328979492
 0.040534496307373047
 0.039569854736328125
 0.080473899841308594
 0.0364532470703125
 0.078662395477294922
 0.039784908294677734
 0.040939807891845703
 0.039294719696044922
 0.039544582366943359
 0.075807094573974609
 0.040704965591430664
 0.079351425170898438
 0.039293766021728516
 0.03632044792175293
 0.03843379020690918
 0.039763927459716797
 0.041183710098266602
 0.039527654647827148
 0.034380435943603516
 0.045242071151733398
 0.074582815170288086
 0.07579803466796875
 0.046164512634277344
 0.034079313278198242
 0.040376663208007812
 0.039533615112304688
 0.039892435073852539
 0.04115748405456543
 0.039409160614013672
 0.039505243301391602
 0.039971351623535156
 0.074746370315551758
 0.080305337905883789
 0.035547256469726562
 0.038537979125976562
 0.041322946548461914
 0.039776086807250977
 0.03974151611328125
 0.039908885955810547
 0.039145708084106445
 0.040964603424072266
 0.073542594909667969
 0.042098760604858398
 0.03891444206237793
 0.041338920593261719
 0.034228324890136719
 0.040522575378417969
 0.039050102233886719
 0.040979385375976562
 0.078933477401733398
 0.035009145736694336
 0.079206943511962891
