# Created by Octave 6.4.0, Sat Aug 17 19:29:02 2024 CEST <jamilaila@jamilaila-HP-EliteBook-840-G2>
# name: final_ticks
# type: matrix
# rows: 2433
# columns: 2
 0 0.035400390625
 0 0.035400390625
 0 0.035400390625
 0 0.035400390625
 0 0.035400390625
 0 0.035400390625
 0 0.035400390625
 0 0.035400390625
 0 0.035400390625
 0 0.035400390625
 0 0.035400390625
 0 0.035400390625
 0 0.035400390625
 0 0.035400390625
 0 0.035400390625
 0 0.035400390625
 0 0.035400390625
 0 0.035400390625
 0 0.035400390625
 0 0.035400390625
 0 0.035400390625
 0 0.035400390625
 0 0.035400390625
 0 0.035400390625
 0 0.035400390625
 -0.00020000000000000001 0.035400390625
 0 0.035400390625
 0.0094000000000000004 0.035400390625
 0.050799999999999998 0.035400390625
 0.0424 0.035400390625
 0.1346 0.035400390625
 0.097799999999999998 0.035400390625
 0.15379999999999999 0.035400390625
 0.15959999999999999 0.035400390625
 0.16020000000000001 0.035400390625
 0.68279999999999996 0.035400390625
 0.5504 0.035400390625
 0.53500000000000003 0.035400390625
 0.47160000000000002 0.035400390625
 0.38019999999999998 0.035400390625
 0.70960000000000001 0.035400390625
 0.43340000000000001 0.035400390625
 0.16739999999999999 0.035400390625
 1.1272 0.035400390625
 0.86699999999999999 0.035400390625
 0.755 0.035400390625
 1.3472 0.035400390625
 1.6521999999999999 0.035400390625
 0.86860000000000004 0.035400390625
 0.873 0.035400390625
 0.2374 0.035400390625
 2.2322000000000002 0.035400390625
 0.91659999999999997 0.035400390625
 1.7632000000000001 0.035400390625
 1.0858000000000001 0.035400390625
 0.86919999999999997 0.035400390625
 0.63639999999999997 0.035400390625
 0.64600000000000002 0.035400390625
 0.99739999999999995 0.035400390625
 0.749 0.035400390625
 1.47 0.035400390625
 1.1656 0.035400390625
 0.61960000000000004 0.035400390625
 0.72260000000000002 0.035400390625
 0.3044 0.035400390625
 0.73219999999999996 0.035400390625
 0.56599999999999995 0.0361328125
 0.59099999999999997 0.0390625
 0.59140000000000004 0.041015625
 0.45079999999999998 0.042236328125
 0.96840000000000004 0.043701171875
 1.0196000000000001 0.047119140625
 0.73799999999999999 0.048583984375
 0.76119999999999999 0.050537109375
 1.0034000000000001 0.052734375
 0.60460000000000003 0.0546875
 1.1072 0.05908203125
 0.64859999999999995 0.062255859375
 0.92800000000000005 0.066650390625
 2.0314000000000001 0.077392578125
 0.77039999999999997 0.08203125
 2.488 0.096435546875
 1.0474000000000001 0.10205078125
 0.81899999999999995 0.1064453125
 0.78459999999999996 0.111572265625
 1.6734 0.117919921875
 0.80259999999999998 0.120849609375
 1.3593999999999999 0.12451171875
 0.85960000000000003 0.128662109375
 1.0706 0.130615234375
 2.2103999999999999 0.13525390625
 2.4544000000000001 0.13916015625
 0.82820000000000005 0.14208984375
 1.0815999999999999 0.144287109375
 1.0486 0.145751953125
 0.79879999999999995 0.147705078125
 1.0844 0.14990234375
 1.0366 0.151611328125
 1.0786 0.153564453125
 2.1648000000000001 0.156005859375
 1.855 0.157958984375
 0 0.157958984375
 2.4441999999999999 0.15966796875
 0.78500000000000003 0.159912109375
 0.82540000000000002 0.16015625
 0 0.16015625
 2.7608000000000001 0.16064453125
 0.79379999999999995 0.160888671875
 1.6648000000000001 0.160888671875
 1.6754 0.160888671875
 1.9528000000000001 0.160888671875
 1.1526000000000001 0.160888671875
 1.4592000000000001 0.160888671875
 1.4321999999999999 0.160888671875
 0.85860000000000003 0.160888671875
 1.2050000000000001 0.160888671875
 0.88180000000000003 0.160888671875
 0.90720000000000001 0.160888671875
 2.1358000000000001 0.160888671875
 1.5136000000000001 0.160888671875
 2.7602000000000002 0.1611328125
 1.2512000000000001 0.1611328125
 0.59960000000000002 0.1611328125
 1.827 0.1611328125
 1.2478 0.1611328125
 0.93540000000000001 0.1611328125
 2.4885999999999999 0.1611328125
 2.6013999999999999 0.1611328125
 1.599 0.1611328125
 1.2851999999999999 0.1611328125
 0.96879999999999999 0.1611328125
 0.98380000000000001 0.1611328125
 1.8662000000000001 0.1611328125
 0.93320000000000003 0.1611328125
 2.2202000000000002 0.1611328125
 0.92259999999999998 0.1611328125
 2.8416000000000001 0.1611328125
 1.2687999999999999 0.1611328125
 1.6002000000000001 0.1611328125
 0.6008 0.1611328125
 1.8956 0.1611328125
 1.3338000000000001 0.1611328125
 0.31979999999999997 0.1611328125
 1.2609999999999999 0.1611328125
 1.9381999999999999 0.1611328125
 2.9584000000000001 0.1611328125
 0.32500000000000001 0.161376953125
 2.6312000000000002 0.161376953125
 1.6022000000000001 0.161376953125
 1.3295999999999999 0.161376953125
 0.35720000000000002 0.161376953125
 2.278 0.161376953125
 1.611 0.161376953125
 2.3130000000000002 0.161376953125
 2.3128000000000002 0.161376953125
 1.6184000000000001 0.161376953125
 0.64459999999999995 0.161376953125
 1.673 0.161376953125
 1.3632 0.161376953125
 0.95660000000000001 0.16064453125
 1.6748000000000001 0.15966796875
 1.0389999999999999 0.158935546875
 2.0182000000000002 0.158203125
 1.9603999999999999 0.15673828125
 2.9738000000000002 0.15478515625
 1.0014000000000001 0.153564453125
 0.98380000000000001 0.15234375
 1.98 0.148681640625
 0.98160000000000003 0.146240234375
 1.6597999999999999 0.14111328125
 1.0748 0.13720703125
 1.2898000000000001 0.132080078125
 2.657 0.119140625
 1.2878000000000001 0.113525390625
 2.21 0.0966796875
 1.5731999999999999 0.084228515625
 0.98119999999999996 0.0732421875
 1.5666 0.061767578125
 0.94220000000000004 0.052490234375
 1.2669999999999999 0.04052734375
 1.2485999999999999 0.025634765625
 2.4866000000000001 0.00634765625
 1.5706 0.99365234375
 2.1804000000000001 0.97802734375
 0.67859999999999998 0.9736328125
 0.61040000000000005 0.966064453125
 2.5133999999999999 0.95458984375
 1.2524 0.947509765625
 1.2734000000000001 0.94091796875
 0.63 0.9365234375
 1.8875999999999999 0.9306640625
 0.9456 0.926025390625
 2.5152000000000001 0.918212890625
 1.0049999999999999 0.9150390625
 2.5346000000000002 0.91064453125
 0.95220000000000005 0.908203125
 1.5880000000000001 0.906982421875
 1.5862000000000001 0.90576171875
 0.61860000000000004 0.904541015625
 1.6204000000000001 0.903564453125
 1.6334 0.903076171875
 0.98260000000000003 0.90234375
 1.2798 0.90185546875
 1.3182 0.901611328125
 1.3224 0.90087890625
 2.6499999999999999 0.900146484375
 0.94820000000000004 0.899658203125
 1.6277999999999999 0.89892578125
 1.2796000000000001 0.8984375
 0.64700000000000002 0.89794921875
 0.65720000000000001 0.89794921875
 2.5594000000000001 0.8974609375
 2.2730000000000001 0.8955078125
 1.3697999999999999 0.895263671875
 2.3544 0.8916015625
 1.645 0.890869140625
 0.98399999999999999 0.889892578125
 1.6082000000000001 0.888671875
 0.98160000000000003 0.887451171875
 1.2994000000000001 0.88671875
 1.6368 0.885986328125
 2.6389999999999998 0.885009765625
 1.0109999999999999 0.884765625
 2.9942000000000002 0.88330078125
 1.0784 0.8828125
 1.6339999999999999 0.88232421875
 0.98680000000000001 0.882080078125
 1.0302 0.881103515625
 1.3992 0.88037109375
 1.3520000000000001 0.8798828125
 1.7918000000000001 0.879150390625
 0.99139999999999995 0.878662109375
 1.7484 0.877685546875
 2.3767999999999998 0.87646484375
 1.4008 0.87548828125
 1.4097999999999999 0.87548828125
 1.3286 0.87548828125
 0.70920000000000005 0.875
 2.0613999999999999 0.874755859375
 1.4372 0.874755859375
 2.0219999999999998 0.874755859375
 2.1288 0.874755859375
 1.3224 0.874755859375
 1.0589999999999999 0.874755859375
 1.0586 0.874755859375
 1.7367999999999999 0.874755859375
 1.4144000000000001 0.874755859375
 1.0367999999999999 0.874755859375
 2.0615999999999999 0.874755859375
 1.4232 0.874755859375
 0.34379999999999999 0.874755859375
 1.0024 0.874755859375
 1.3852 0.874755859375
 3.4316 0.87451171875
 0.98560000000000003 0.8740234375
 0.74780000000000002 0.87353515625
 2.4641999999999999 0.87255859375
 1.4164000000000001 0.8720703125
 1.0254000000000001 0.87109375
 0.30380000000000001 0.870849609375
 1.3744000000000001 0.869873046875
 0 0.869873046875
